160.1539583570242
156.52592267221556
160.13852713417464
150.5416593700939
160.23308047602168
89.1444845718909
191.81070353280273
89.14448085736541
224.99353608413583
150.4681973657165
224.9762031605326
224.98172430615475
88.53308067824614
141.38164823073873
146.52974505462916
105.13353638690025
101.98434259141379
107.5718586614023
100.46914234321889
105.75075103986507
106.83209519206143
108.3833480364811
122.84088910743795
90.779957327747
269.68160895947983
123.90519549448612
58.962002086667376
45.15804960684166
72.26033181803925
151.3035511113443
107.22878116061042
295.6058752096859
100.95312065225046
97.87495814857279
351.7534167679377
152.65384010514381
83.06567687834062
81.1204530635145
80.66770191980194
99.86040658012315
83.48212084393748
103.72007414689969
100.57893130885866
96.19556431146339
96.42333962194209
93.81687197385143
268.02643732893245
92.8746124868138
122.79177824595162
88.89799384460395
95.79848841951238
78.93995271463105
95.70456385877236
128.96791549171476
166.34771732339507
103.27835189833795
107.13797859780075
59.71525376969771
109.05255088685131
82.67200572483243
90.6891962687973
67.74931479808663
83.98765909494797
84.27773939918006
67.87954520493818
56.693791078027566
81.02639943912996
68.0612150605919
125.69762320888108
84.97578232557889
79.42450011932576
185.55504264485918
95.97205649573965
84.95219725323417
84.24007996948305
114.87631238696596
82.39155939995004
159.00938114503938
165.34909713615318
235.52467050067213
184.02291861465292
183.9071993004361
58.25931079339501
186.07256955315884
168.5860935870323
170.87559449084802
95.99013946229528
109.90372809877232
78.50696026213376
44.054942975772995
77.92138689620695
163.1137789113585
75.41666206918853
214.81576211783013
110.28286837020677
274.5269251511988
286.4438886130432
65.17442236978188
81.91678853137967
83.83828292488586
121.98915001723988
121.43550465529918
24.7819069548762
59.25658579008361
88.77327473936133
85.48413957636895
48.82417567610916
98.55947036290536
108.56793594954013
121.62577821322436
121.52291782068102
118.23270356677268
142.14675326733894
154.1582049473373
202.96996987773326
72.7546723306517
92.71852786633602
271.8440731918936
63.69103776027031
55.22381282219816
173.86116140385448
133.6531255010358
71.17615927126153
109.88821241919938
141.3958691140081
120.26832259362676
112.63096820400808
106.25325628040648
266.3904014144651
79.61238633231436
53.344195896724614
65.9998345544911
48.45871725606873
142.66731218205507
172.1920707341424
81.63607187388031
92.49074413509278
164.65780220528598
57.35918849981222
113.28238464475393
84.3502398939982
111.63077509286578
67.03014645904018
46.36260541239861
41.0093623770009
164.4732392143263
108.60010331697296
115.96474067621321
189.66168733613682
80.31111291552169
38.801449199286104
42.769778390428996
41.94637211994144
38.07340947455312
62.72630802283113
79.96685308821509
71.54973703656356
72.36808326266824
67.56742357636979
106.06588113864859
88.18158874703437
72.43112983844469
59.186610312048586
85.61083376652371
89.9189388804665
71.38546645106801
48.335887112836126
170.67403396754116
114.43145245070315
164.30910815336983
71.80677391108189
55.55494118204425
67.8873322178264
113.57531294191382
122.56535477973341
114.08621782739151
121.94912536023492
97.05662657712269
46.77258435295554
80.03741600151692
64.77197969296074
359.2196968843078
98.18835649385983
385.94549887426473
72.96367952642758
142.28520598948103
27.755304468450802
89.32240932099936
295.49872844639054
92.12511180539852
22.597155812019583
107.68852743704583
62.172697850670566
71.80677391108189
87.18031551740027
104.80354386044779
190.87032015261167
122.79277385840072
58.941939298555745
119.15324414036932
97.7332119380987
99.98401145935054
73.91960033517746
54.27544043119442
142.32475198857767
148.20094288229325
164.37347438358273
109.89249252328462
66.04670324559042
64.45674542959073
156.83129871353069
260.2516210855065
90.86270470834495
286.7207050131275
124.23412429449147
271.73264242703607
76.7329197395113
268.9749772925887
66.78309800322016
86.02354488497954
65.33504884236002
220.83510444798287
60.1978707611611
49.02539303862326
254.38891822668316
96.2555059459676
87.30700042700933
42.94454287359705
67.41235547212442
159.99731315955793
60.90023592122305
49.0834354229553
55.22982028063148
89.0919236708492
127.23207049944207
318.0535334106432
72.26829456424547
102.83935901102036
88.8528497167573
50.01512981283215
50.014783043037475
72.12762919352105
56.7786984144583
104.91984117938271
107.87391851911366
68.57155176486947
66.85298281633744
66.50672656508321
69.35114270825548
93.40826691091272
56.140354011964156
65.78158545067684
86.89506860138599
61.32873644097015
69.42567418612535
102.46754216004946
284.10894489108034
47.08507444877347
86.26626563868162
90.44685393775768
76.051588586769
72.93066038676673
85.54445250397488
85.25451327240799
54.55690360679878
73.80859736470165
87.71981931896852
74.09991598330237
63.52213600075755
71.95157829110073
93.02310611556968
66.85867455990167
274.41062153418443
52.176581173989376
44.63037621938585
46.32867303733569
153.18796689304378
48.66495620701174
45.59968826079198
21.469083590329195
95.49892617120835
76.46893650623197
171.11900127810617
57.14137243302845
74.77227757540038
49.06125386284005
108.83446864023125
111.86778278624668
108.73223233119643
50.646709300289835
47.17248291463519
63.19608507407999
151.9413976155503
151.65312881537028
83.6534274799752
77.44392619578875
72.41711590503752
44.37281395225997
100.87048673495804
107.2185519664165
129.26663118017603
85.34948266786928
85.28328062265582
58.67995046700453
152.12004470752746
37.45921215823925
70.61870577905657
114.78926023276412
103.74372116934565
110.67788993762538
56.58635072642499
87.42269013286247
76.21637010649128
55.07734123349042
77.14886381188929
146.8576726469965
178.4053361496164
62.26463979264878
88.95316005763989
93.63098425834387
83.82606346387486
43.8615045438052
97.56741043145281
96.25707098201313
71.08477664195533
65.9841585683424
65.18591389448925
121.67118832472771
138.2448758378625
29.87956826470127
48.66495620701174
45.59968826079198
64.48567043846175
62.958734600979916
92.42790895665132
61.67616504548841
61.67933278981496
101.6047843231274
71.58857787861257
62.403846176149415
95.6960038132822
140.46460801291195
95.77691744103315
63.028363862945994
87.61156576042075
72.70573392181502
88.68505431358113
91.27781745445915
87.48287553603285
90.88863351743484
91.14210617688231
113.35046837802778
89.42469195392637
75.15008326470523
95.09879428299612
87.88251811239405
71.17466047026433
68.56747427158179
78.0990714851446
52.8338781390713
55.960705265556285
66.0185180161433
116.02881452993782
147.64329671151768
136.70523927679582
132.1161833080476
130.61311969888501
227.91158919797502
62.95033222508926
108.51091315612523
84.7692216462322
95.80440360186611
179.4206910540338
122.96558068328139
49.0851370409243
46.79275204494817
54.768403084129545
70.48064909191956
128.38582917766666
129.50616502537306
83.15980373538221
216.82724378089193
140.22343960801558
157.77610761408002
31.53929637770702
42.865846722890794
182.44493588725948
59.6399480341101
59.6399480341101
59.6399480341101
65.69930407015922
242.4359664836431
78.30813693204854
95.79692603815865
44.1298647353835
55.13377594801654
44.635397319947856
49.59734832527862
128.9769219526328
265.4956841605327
57.95684143876296
138.60561283047699
27.13649264863254
34.76355355792689
68.25078381316068
38.50246162238084
44.5188819104079
18.189295484471607
68.31380368865571
55.604434628932445
44.343576090649535
30.703758883522603
21.808879140789053
61.549592777731334
20.566541834985564
54.959131874717876
52.703617105669835
131.19632771163293
48.74420278934834
54.53108240668636
82.62303893876832
41.05453785885523
29.33907562860528
56.57467233917865
59.93809001259546
85.61894108940044
111.9255305210933
159.29504245810577
103.88035487015561
158.462771455713
146.59990100170444
128.8719838046516
96.27067214657514
54.28740442004964
93.78027471403918
52.757809215656074
48.69854079165163
124.87914030709845
72.17939247301598
53.75661284680185
25.179433764419468
111.13690251853984
102.1050581386888
108.73597061532011
121.3401909051581
130.2236488715092
94.99045454383906
93.45632297436542
91.74269437339437
101.58359040132886
67.53631707041347
79.11560378780737
73.50450452069283
103.49099227753449
43.04938129913047
57.300886539379626
43.04938270551406
43.75897708000792
96.13232972893437
137.49889392405754
74.64921875484946
58.871340474346276
92.08137037286093
132.6616477246664
177.09208081075045
60.04401283452308
172.24060556738166
175.69391802792802
99.98690285114992
164.58930452907904
47.025192323421386
44.66742918804678
63.38719449416925
85.55168214050664
104.07220831020341
138.2106529385982
84.52064393551066
135.63671146943264
101.2282275743971
49.737844091765176
45.89263087190858
31.37907193687231
95.73722163302342
31.24189849865754
112.27815513346408
114.07386304780657
86.87167248397853
62.28943352450832
44.49360775201934
95.36457229141229
33.5230545575985
105.84101475689219
106.24602631739302
39.747123927928364
117.06982148563127
118.05304204016329
120.86993644074494
114.7373392776735
61.82198840391719
29.36443712920356
114.29977833092335
114.29596473354607
103.4685128196283
68.34891031836978
112.225272795134
117.82803095735673
84.45678247033517
69.84417390726465
121.34417589038408
140.07597446656544
126.34258462100907
40.658518922793675
68.35915854827893
105.13418884992886
103.48254871707448
58.517197949496556
129.77936252549384
137.38192597864594
73.82851076285509
152.5307447124414
88.23032645739424
95.81823701474423
101.20018978743431
109.53756140242065
57.39014732045774
67.95948642696453
109.31718040188768
190.40592901090767
95.55655612512606
80.44804652052125
85.50186106848214
74.70463715913293
119.76509249639918
131.19938005914557
74.92777820488377
74.38538863052113
73.17123746984508
73.2635930794923
73.61079632562154
74.94702973854302
72.34302115142987
74.329726721381
127.44912869890445
132.42347069682344
137.97333632799956
106.84225939629819
81.05459500796975
43.25489789847563
46.89295601305477
124.23494381682762
140.59548631341102
126.48400064979666
75.70269355474275
149.4538182261574
65.9831066065262
121.347286452677
126.47137679690195
58.770803739220256
63.384930190524564
47.07160355842193
39.28690140055943
152.59671070645697
152.59722735505932
82.57588492249783
84.5597465874499
66.07137817052305
24.78120709262967
36.50415444031882
147.51091991955317
78.12155580941926
85.32782048722763
201.56111757012124
110.42586968175291
74.09905433199965
110.39456667496813
123.59141223997837
109.13934282984573
75.95417282568386
66.84130043313633
134.25752883873812
130.0330358640964
140.3214681631271
54.56219525839599
110.03271837891472
101.70413624908295
74.66260182735806
105.45020298546689
111.12503438799669
85.15510712246996
89.48886117860663
153.12996768739802
74.85964606151641
137.86563171670142
114.29414218588892
106.78840505478784
47.508819777180186
100.2339744216021
113.2770936808949
96.50477706615321
103.8174891168425
92.0488583747476
109.84423519599422
90.71342417998832
93.03192264189522
97.5281302614507
128.35579679521425
97.62771036772754
115.5808752643376
121.20858799151885
109.56723725444915
139.25680712770438
139.06432723440423
138.51266678618174
85.64469857576957
139.029680764218
87.4856027261253
112.57701664634676
138.5549217968126
131.34569105322808
114.6402147571397
138.40716532642907
137.80777874428955
138.17074819302687
137.99345854610516
137.6569695199978
139.03531634003465
86.33847655819321
110.70054368607451
103.98694315828213
139.4062103534589
138.18200086495858
137.44203112906965
110.1421283247473
134.64092310575012
93.98016173806415
112.5007424830025
138.3716434356076
139.01083846841183
137.98641541205888
138.4937063377393
86.75477944153057
138.37674694943854
136.23004539026363
116.7836859810685
108.85143209896624
101.05861425179492
138.03949595478818
90.94855624930543
139.226261876777
108.72970541959683
139.04881804900364
138.67891724009007
139.7584543193412
137.64864634753195
109.6453510892319
135.65142986484074
138.54358871183513
138.50692511171655
136.9418957289646
137.98832029957242
132.88679546158468
103.17072962328697
91.95967944170334
120.99350777926682
139.08097358213263
86.338923175973
103.80625168945836
138.96232494625997
139.38021034409715
138.5846845043836
139.75261289311305
99.49780442128294
139.31739042695028
138.8392772330471
139.40485303522155
111.26708011613565
138.46303965497296
139.40993006687268
138.69362343348251
139.42328556623784
138.44157016223218
138.70094633032534
139.32407231647142
96.09249717036433
130.47779999617111
102.66319851291202
85.5930896200154
97.77565345036562
104.43447278120433
138.73719527166853
113.00201545303732
134.03911383619928
101.15384249553911
87.138288208261
138.70323472873338
119.1914062098582
138.22666265733636
137.9085587074619
101.01633008144867
85.75086231344216
138.76871779089362
139.10116729491205
104.76093657769037
91.90574211730477
87.14171106133914
135.42663092883305
113.35247205181538
137.8486105716212
135.67507408007344
121.80593413731427
139.336418797097
102.44408303950868
138.60385816901118
110.33350035112768
103.68707494532899
138.89045757249147
138.75013334891702
135.95233788519258
138.5216092447295
139.7997805428881
132.17068525678246
99.59973715883521
123.8313493291983
103.7539506344936
86.27568036070465
108.30259592155949
89.39982228286337
111.24849704457544
104.66289381931085
117.03615380130118
101.71484347129935
112.70703111834702
194.22952149170973
106.80531242828071
79.6749162557802
132.47584692109555
60.55686409486326
32.75550868881747
32.68053623242174
54.688636450970584
67.76396368253286
64.5928248259531
116.8124924041332
101.45786815915487
144.39418365232854
144.0349733184429
75.65523932513636
102.89546817450803
81.31107756126774
95.94336245460491
49.58006240285997
249.5215105568651
130.4566425664912
36.3601939717032
90.24314780104353
122.10845404969452
76.27729098491464
52.41365095663264
94.05072089478949
103.11650392213483
106.06598622682743
67.8712749036926
101.3079054369284
69.16719547062915
37.385874518087306
76.41554460606075
84.08735687167766
77.19181212644439
93.80349694409496
98.26357723551286
81.74003755704717
71.457108847677
80.1520756999346
109.50197024614243
109.01792082554036
66.00646602826461
46.02253721569403
56.32841485975346
48.43373532975398
69.39644571325566
73.15484220212026
107.74349807600119
154.45731702429245
73.00299380131987
77.98996680623854
84.91099816665927
77.11542214241679
116.08913899273142
50.220350950581924
152.38935312444295
57.35074689917312
139.43920243699534
91.97712722487778
157.06355588627557
38.33289077660437
69.44546169040393
94.06742099513117
141.57241095650969
194.37356850282092
54.1592053547988
160.76173147797502
52.956456554560184
46.76287088921574
90.61618156488021
89.22143265407887
143.24064606022228
72.41836838039644
73.11860508243826
134.20377611991995
131.43925167508877
125.90493598796299
131.85568457907667
52.84977125735505
104.00768169521825
80.0294359308663
104.56205042935635
104.4727172993465
82.37872194350551
101.88041966920785
55.54379047922097
50.14372910052007
97.25244921752925
100.12588979123802
137.0284516757798
189.54631629432984
180.87162265696702
45.24311479947677
58.345549376154885
108.76628019253928
111.09000745563264
67.07124393679534
72.27965115332262
54.767236210909935
69.67278916515424
97.5149337184823
89.64260420315168
90.24008335894277
74.82782329109146
71.78486642674166
87.50140161766213
72.90335099384977
80.39812237442804
104.09130170581298
123.61681710217692
70.80027851998534
75.82670308323871
127.55074933380929
78.29249960040192
55.54428361070223
56.390296430716035
80.99160082720189
87.66902285155837
87.21516002960537
94.18441352774876
85.38595804315408
189.9336838717414
57.34588445921719
65.6718852112769
88.51580327464607
130.31052644456756
167.43617387810247
59.675203827747424
70.6648732475498
50.995908712379624
85.60912503453329
142.0069526118689
91.01180357818573
108.21569971246748
158.3747417256396
88.14875875578466
129.27963483105233
68.96212079621058
66.44939390044077
69.43284171295191
108.29129811714601
107.15417825748821
65.53122551063854
122.77012291256136
73.26103515622587
81.4098073748178
83.00502708493276
193.51367752134072
94.08160368572595
93.97950145301239
73.27773122603944
71.80007030917365
133.21228284230352
136.1650262696672
138.53745245869624
51.45607377819305
143.06988115671456
134.0633280790764
122.43568117344964
198.2685254313363
185.8627909239323
190.27064563507304
138.63537594417235
116.1311760934754
62.70127779736779
60.96426161537269
71.79499041482681
166.3165490558595
55.590139587184574
159.32343261797885
159.36440066661615
159.4338902304777
159.4894773057204
159.47757513548459
127.3699855659684
159.40598711129016
56.864252014320314
159.34549577501627
191.1238299305439
159.35657984274883
191.10349056018433
69.89865191675862
81.71153188780052
159.46195668286683
159.75635349023685
87.60268934453617
159.06799782810455
159.68602441676742
87.49811900956308
85.02776524991715
87.61066601565071
93.43243918883535
159.6523279317644
87.60269871075589
36.412434551779874
104.07738661882156
159.47930403782982
88.25224006957862
159.4894773057204
160.1078283087615
159.44987864811876
156.6191657363924
191.64851619550535
155.75342572032724
159.52578438291093
156.72899271380675
155.80798490810136
159.790858288644
191.66344434539295
159.36454108736334
190.95058588755603
159.4614020718896
191.01573073775623
159.57294334034452
159.49237828065606
225.35475354293706
191.66416304888102
76.10930468855246
159.3115584659535
159.31982678340353
159.32976610358128
67.25246875541272
78.183538825903
159.3399610386625
140.24297716736328
101.9635368111347
159.2765842253447
159.31982678340353
166.5326362834636
159.28074851147687
105.76390069880384
159.29948661292394
159.68602441676742
159.26780459393663
121.31527467618365
148.72433701811156
159.33911197064805
159.24772207261992
106.03106612552781
159.42285463777506
90.73049448891143
159.46903816115898
159.29070240043208
190.95142087237798
159.5188964440337
96.96322861067614
159.42428673052902
159.47757513548459
190.9516308661705
159.50120451231484
44.53680564713328
82.0691524606767
81.98213212409743
41.77083805118656
159.28354958883205
224.46659410791528
159.4614020718896
191.01573073775623
140.24297716736328
101.9635368111347
190.9135330015634
160.1583023893714
160.20074783826675
160.13299526154978
156.5214880352834
